1727620148.344279051 1.230000000 1
1727620148.844890118 1.030000000 2
1727620149.345370054 0.901000000 3
1727620149.854382992 0.998000000 4
1727620150.354883909 0.938000000 5
1727620150.862426996 1.040000000 6
1727620151.362997055 1.000000000 7
1727620151.863656998 1.100000000 8
1727620152.364207983 0.987000000 9
1727620152.864855051 1.090000000 10
1727620153.365528107 1.110000000 11
1727620153.866219997 1.130000000 12
1727620154.366868973 1.090000000 13
1727620154.867465019 1.040000000 14
1727620155.368036985 1.010000000 15
1727620155.868571043 0.955000000 16
1727620156.369251013 1.100000000 17
1727620156.869832039 1.020000000 18
1727620157.370671988 1.280000000 19
1727620157.871303082 1.080000000 20
1727620158.371618032 0.762000000 21
1727620158.878783941 1.400000000 22
1727620159.379066944 0.723000000 23
1727620159.886029005 0.647000000 24
1727620160.390398026 0.961000000 25
1727620160.891923904 1.960000000 26
1727620161.391407013 0.920000000 27
1727620161.894098043 0.716000000 28
1727620162.398138046 0.753000000 29
1727620162.902167082 0.788000000 30
1727620163.406230927 0.851000000 31
1727620163.910372019 0.988000000 32
1727620164.410722971 0.775000000 33
1727620164.918095112 0.710000000 34
1727620165.422255993 0.859000000 35
1727620165.926235914 0.848000000 36
1727620166.430373907 0.977000000 37
1727620166.930646896 0.705000000 38
1727620167.438035011 0.646000000 39
1727620167.942166090 0.780000000 40
1727620168.446134090 0.744000000 41
1727620168.950372934 0.975000000 42
1727620169.451033115 1.100000000 43
1727620169.951318026 0.722000000 44
1727620170.454083920 0.698000000 45
1727620170.958056927 0.664000000 46
1727620171.462430954 1.050000000 47
1727620171.962658882 0.664000000 48
1727620172.469991922 0.600000000 49
1727620172.974029064 0.648000000 50
1727620173.478584051 1.200000000 51
1727620173.978854895 0.725000000 52
1727620174.486110926 0.718000000 53
1727620174.990041018 0.654000000 54
1727620175.494133949 0.739000000 55
1727620175.998275995 0.884000000 56
1727620176.502279043 0.876000000 57
1727620177.006154060 0.763000000 58
1727620177.510349035 0.950000000 59
1727620178.010899067 0.994000000 60
1727620178.511856079 1.380000000 61
1727620179.012161016 0.744000000 62
1727620179.518174887 0.783000000 63
1727620180.022135973 0.745000000 64
1727620180.526137114 0.743000000 65
1727620181.030219078 0.824000000 66
1727620181.534089088 0.693000000 67
1727620182.038233042 0.835000000 68
1727620182.542156935 0.753000000 69
1727620183.046313047 0.918000000 70
1727620183.550290108 0.875000000 71
1727620184.054167032 0.773000000 72
1727620184.558109999 0.721000000 73
1727620185.062319994 0.931000000 74
1727620185.566133022 0.749000000 75
1727620186.070319891 0.937000000 76
1727620186.574220896 0.833000000 77
1727620187.078221083 0.819000000 78
1727620187.582187891 0.772000000 79
1727620188.086194038 0.799000000 80
1727620188.590653896 1.270000000 81
1727620189.091212988 0.994000000 82
1727620189.591542959 0.772000000 83
1727620190.094185114 0.804000000 84
1727620190.598341942 0.952000000 85
1727620191.098776102 0.870000000 86
1727620191.606281996 0.887000000 87
1727620192.110236883 0.807000000 88
1727620192.614200115 0.805000000 89
1727620193.118202925 0.818000000 90
1727620193.622198105 0.803000000 91
1727620194.126292944 0.906000000 92
1727620194.630130053 0.745000000 93
1727620195.134318113 0.929000000 94
1727620195.638382912 1.010000000 95
1727620196.138813972 0.875000000 96
1727620196.646445036 1.070000000 97
1727620197.146792889 0.791000000 98
1727620197.654197931 0.800000000 99
1727620198.158303976 0.908000000 100
1727620198.662282944 0.883000000 101
1727620199.166184902 0.797000000 102
1727620199.670177937 0.781000000 103
1727620200.174197912 0.805000000 104
1727620200.678689957 1.290000000 105
1727620201.179563046 1.290000000 106
1727620201.680740118 1.610000000 107
1727620202.181754112 1.450000000 108
1727620202.682138920 0.806000000 109
1727620203.190211058 0.829000000 110
1727620203.694186926 0.801000000 111
1727620204.198153973 0.771000000 112
1727620204.702367067 0.980000000 113
1727620205.202781916 0.856000000 114
1727620205.710199118 0.810000000 115
1727620206.214188099 0.789000000 116
1727620206.718185902 0.791000000 117
1727620207.222208977 0.818000000 118
1727620207.726252079 0.864000000 119
1727620208.230201006 0.815000000 120
1727620208.734235048 0.839000000 121
1727620209.238311052 0.921000000 122
1727620209.742315054 0.927000000 123
1727620210.246589899 1.210000000 124
1727620210.746979952 0.815000000 125
1727620211.254179955 0.793000000 126
1727620211.758196115 0.802000000 127
1727620212.262193918 0.792000000 128
1727620212.766180038 0.790000000 129
1727620213.270262003 0.841000000 130
1727620213.774292946 0.897000000 131
1727620214.278232098 0.835000000 132
1727620214.782165051 0.772000000 133
1727620215.286324024 0.904000000 134
1727620215.790167093 0.770000000 135
1727620216.294190884 0.796000000 136
1727620216.798218012 0.820000000 137
1727620217.302243948 0.818000000 138
1727620217.806233883 0.817000000 139
1727620218.310193062 0.790000000 140
1727620218.814184904 0.782000000 141
1727620219.318181038 0.795000000 142
1727620219.822240114 0.838000000 143
1727620220.326294899 0.854000000 144
1727620220.830220938 0.800000000 145
1727620221.334494114 1.090000000 146
1727620221.835071087 0.967000000 147
1727620222.335628986 0.970000000 148
1727620222.836227894 1.020000000 149
1727620223.336951971 1.150000000 150
1727620223.837399960 0.876000000 151
1727620224.342474937 1.090000000 152
1727620224.842807055 0.770000000 153
1727620225.350188017 0.802000000 154
1727620225.854218006 0.821000000 155
1727620226.358196020 0.808000000 156
1727620226.862298965 0.902000000 157
1727620227.366307974 0.922000000 158
1727620227.870188951 0.794000000 159
1727620228.374305010 0.903000000 160
1727620228.878247023 0.857000000 161
1727620229.382184029 0.793000000 162
1727620229.886195898 0.799000000 163
1727620230.390213013 0.822000000 164
1727620230.894351006 0.963000000 165
1727620231.394839048 0.895000000 166
1727620231.902185917 0.782000000 167
1727620232.406187057 0.797000000 168
1727620232.910252094 0.855000000 169
1727620233.414177895 0.781000000 170
1727620233.918390989 0.997000000 171
1727620234.418772936 0.824000000 172
1727620234.926192045 0.796000000 173
1727620235.430248022 0.844000000 174
1727620235.934570074 1.180000000 175
1727620236.434969902 0.829000000 176
1727620236.942209959 0.804000000 177
1727620237.446211100 0.816000000 178
1727620237.950225115 0.835000000 179
1727620238.454248905 0.860000000 180
1727620238.958211899 0.817000000 181
1727620239.462219000 0.830000000 182
1727620239.966285944 0.899000000 183
1727620240.470326900 0.929000000 184
1727620240.974278927 0.868000000 185
1727620241.478241920 0.823000000 186
1727620241.982214928 0.802000000 187
1727620242.486309052 0.908000000 188
1727620242.990192890 0.800000000 189
1727620243.494189978 0.799000000 190
1727620243.998322010 0.923000000 191
1727620244.502141953 0.761000000 192
1727620245.006217957 0.804000000 193
1727620245.510236025 0.818000000 194
1727620246.014307976 0.892000000 195
1727620246.518275976 0.872000000 196
1727620247.022218943 0.815000000 197
1727620247.526170969 0.787000000 198
1727620248.030194998 0.794000000 199
1727620248.534205914 0.811000000 200
1727620249.038230896 0.828000000 201
1727620249.542267084 0.870000000 202
1727620250.046206951 0.793000000 203
1727620250.550412893 0.980000000 204
1727620251.050879955 0.890000000 205
1727620251.558248043 0.845000000 206
1727620252.063646078 2.210000000 207
1727620252.563741922 1.510000000 208
1727620253.064201117 0.849000000 209
1727620253.566224098 0.814000000 210
1727620254.070260048 0.811000000 211
1727620254.574335098 0.920000000 212
1727620255.078161955 0.783000000 213
1727620255.582217932 0.809000000 214
1727620256.086299896 0.892000000 215
1727620256.590218067 0.807000000 216
1727620257.094182968 0.780000000 217
1727620257.598313093 0.920000000 218
1727620258.102350950 0.940000000 219
1727620258.606184959 0.775000000 220
1727620259.110323906 0.908000000 221
1727620259.614147902 0.758000000 222
1727620260.118277073 0.819000000 223
1727620260.622273922 0.848000000 224
1727620261.126271009 0.842000000 225
1727620261.630167961 0.756000000 226
1727620262.134641886 1.220000000 227
1727620262.635106087 0.865000000 228
1727620263.142241001 0.849000000 229
1727620263.646195889 0.798000000 230
1727620264.150295019 0.909000000 231
1727620264.654217005 0.832000000 232
1727620265.158201933 0.786000000 233
1727620265.662986994 1.570000000 234
1727620266.163389921 0.811000000 235
1727620266.670198917 0.783000000 236
1727620267.174170971 0.776000000 237
1727620267.678303003 0.897000000 238
1727620268.182248116 0.829000000 239
1727620268.686369896 0.940000000 240
1727620269.186762094 0.823000000 241
1727620269.694180012 0.791000000 242
1727620270.198363066 0.970000000 243
1727620270.698779106 0.841000000 244
1727620271.206424952 1.000000000 245
1727620271.706825972 0.822000000 246
1727620272.214298010 0.898000000 247
1727620272.718180895 0.786000000 248
1727620273.222325087 0.921000000 249
1727620273.726391077 0.996000000 250
1727620274.226800919 0.842000000 251
1727620274.734172106 0.778000000 252
1727620275.238265038 0.881000000 253
1727620275.742290974 0.892000000 254
1727620276.246211052 0.815000000 255
1727620276.750231028 0.832000000 256
1727620277.254167080 0.775000000 257
1727620277.758244038 0.846000000 258
1727620278.262311935 0.922000000 259
1727620278.766191006 0.799000000 260
1727620279.270260096 0.858000000 261
1727620279.774310112 0.924000000 262
1727620280.278302908 0.910000000 263
1727620280.782763004 1.380000000 264
1727620281.283130884 0.802000000 265
1727620281.790363073 0.976000000 266
1727620282.290682077 0.762000000 267
1727620282.798194885 0.810000000 268
1727620283.302259922 0.860000000 269
1727620283.806267977 0.872000000 270
1727620284.310400963 0.988000000 271
1727620284.810775042 0.797000000 272
1727620285.318299055 0.902000000 273
1727620285.822519064 1.130000000 274
1727620286.322928905 0.825000000 275
1727620286.830353975 0.935000000 276
1727620287.330729008 0.783000000 277
1727620287.838193893 0.797000000 278
1727620288.342250109 0.859000000 279
1727620288.846441984 1.050000000 280
1727620289.346894979 0.888000000 281
1727620289.854305029 0.906000000 282
1727620290.358645916 1.260000000 283
1727620290.859061956 0.836000000 284
1727620291.366185904 0.780000000 285
1727620291.870349884 0.938000000 286
1727620292.374195099 0.802000000 287
1727620292.878216028 0.823000000 288
1727620293.382425070 1.040000000 289
1727620293.882796049 0.803000000 290
1727620294.390202999 0.818000000 291
1727620294.894326925 0.944000000 292
1727620295.399163961 0.792000000 293
1727620295.902347088 0.967000000 294
1727620296.402759075 0.863000000 295
1727620296.910114050 0.729000000 296
1727620297.414165020 0.782000000 297
1727620297.918267965 0.861000000 298
1727620298.422235012 0.849000000 299
1727620298.926275015 0.882000000 300
1727620299.430366993 0.981000000 301
1727620299.930798054 0.870000000 302
1727620300.438168049 0.782000000 303
1727620300.942292929 0.903000000 304
1727620301.446187019 0.800000000 305
1727620301.950356007 0.956000000 306
1727620302.450762033 0.820000000 307
1727620302.958175898 0.784000000 308
1727620303.462282896 0.905000000 309
1727620303.966270924 0.887000000 310
1727620304.470165968 0.781000000 311
1727620304.974158049 0.770000000 312
1727620305.478454113 1.060000000 313
1727620305.978945017 0.928000000 314
1727620306.486186028 0.801000000 315
1727620306.990326881 0.934000000 316
1727620307.494146109 0.769000000 317
1727620307.998397112 0.992000000 318
1727620308.498878002 0.906000000 319
1727620309.006319046 0.929000000 320
1727620309.510143995 0.757000000 321
1727620310.014205933 0.814000000 322
1727620310.518315077 0.914000000 323
1727620311.022865057 1.480000000 324
1727620311.523248911 0.813000000 325
1727620312.030221939 0.822000000 326
1727620312.534173012 0.789000000 327
1727620313.038203955 0.823000000 328
1727620313.542313099 0.923000000 329
1727620314.046214104 0.819000000 330
1727620314.550302029 0.876000000 331
1727620315.054193974 0.810000000 332
1727620315.558329105 0.947000000 333
1727620316.058715105 0.813000000 334
1727620316.566160917 0.776000000 335
1727620317.070226908 0.833000000 336
1727620317.574177027 0.795000000 337
1727620318.078361034 0.960000000 338
1727620318.578738928 0.808000000 339
1727620319.086287022 0.895000000 340
1727620319.590178013 0.794000000 341
1727620320.094203949 0.790000000 342
1727620320.598301888 0.891000000 343
1727620321.102302074 0.904000000 344
1727620321.606301069 0.902000000 345
1727620322.110372066 0.976000000 346
1727620322.610708952 0.774000000 347
1727620323.118295908 0.912000000 348
1727620323.623109102 1.710000000 349
1727620324.123627901 0.940000000 350
1727620324.623986959 0.788000000 351
1727620325.126255989 0.847000000 352
1727620325.630230904 0.828000000 353
1727620326.134388924 0.983000000 354
1727620326.634784937 0.817000000 355
1727620327.142904997 1.500000000 356
1727620327.643384933 0.910000000 357
1727620328.150300026 0.896000000 358
1727620328.654195070 0.807000000 359
1727620329.158271074 0.884000000 360
1727620329.662595987 1.190000000 361
1727620330.163310051 1.150000000 362
1727620330.664169073 1.300000000 363
1727620331.164712906 0.977000000 364
1727620331.665040016 0.765000000 365
1727620332.166770935 1.380000000 366
1727620332.667124033 0.792000000 367
1727620333.175218105 0.804000000 368
1727620333.678191900 0.799000000 369
1727620334.182332993 0.949000000 370
1727620334.682809114 0.900000000 371
1727620335.190196037 0.807000000 372
1727620335.694169998 0.785000000 373
1727620336.198863029 1.460000000 374
1727620336.699245930 0.815000000 375
1727620337.206264973 0.881000000 376
1727620337.710146904 0.770000000 377
1727620338.214217901 0.808000000 378
1727620338.718183041 0.793000000 379
1727620339.222455978 1.070000000 380
1727620339.723411083 1.400000000 381
1727620340.223721027 0.751000000 382
1727620340.726243973 0.850000000 383
1727620341.230220079 0.821000000 384
1727620341.734190941 0.802000000 385
1727620342.238214970 0.819000000 386
1727620342.742418051 1.030000000 387
1727620343.242842913 0.866000000 388
1727620343.750190973 0.806000000 389
1727620344.254308939 0.925000000 390
1727620344.758270025 0.797000000 391
1727620345.262480021 1.080000000 392
1727620345.762885094 0.808000000 393
1727620346.270186901 0.798000000 394
1727620346.774219990 0.806000000 395
1727620347.278182983 0.775000000 396
1727620347.782488108 1.070000000 397
1727620348.283231974 1.150000000 398
1727620348.783574104 0.773000000 399
1727620349.286199093 0.807000000 400
1727620349.790158987 0.777000000 401
1727620350.294152021 0.761000000 402
1727620350.798160076 0.771000000 403
1727620351.302589893 1.200000000 404
1727620351.803369045 1.210000000 405
1727620352.303741932 0.808000000 406
1727620352.806193113 0.806000000 407
1727620353.310148954 0.768000000 408
1727620353.814251900 0.814000000 409
1727620354.318216085 0.828000000 410
1727620354.822540045 1.140000000 411
1727620355.323237896 1.130000000 412
1727620355.823616028 0.804000000 413
1727620356.326250076 0.852000000 414
1727620356.830214024 0.828000000 415
1727620357.334187984 0.800000000 416
1727620357.838232040 0.848000000 417
1727620358.342631102 1.240000000 418
1727620358.843136072 0.925000000 419
1727620359.350296021 0.892000000 420
1727620359.854219913 0.832000000 421
1727620360.358140945 0.757000000 422
1727620360.862459898 1.070000000 423
1727620361.363512993 1.490000000 424
1727620361.863557100 0.765000000 425
1727620362.366214037 0.829000000 426
1727620362.870310068 0.906000000 427
1727620363.374171972 0.784000000 428
1727620363.878283978 0.862000000 429
1727620364.382314920 0.931000000 430
1727620364.886193991 0.792000000 431
1727620365.390222073 0.838000000 432
1727620365.894247055 0.851000000 433
1727620366.398164988 0.778000000 434
1727620366.902506113 1.120000000 435
1727620367.403011084 0.942000000 436
1727620367.910329103 0.945000000 437
1727620368.414222002 0.825000000 438
1727620368.918186903 0.801000000 439
1727620369.422497988 1.120000000 440
1727620369.923024893 0.966000000 441
1727620370.423449039 0.856000000 442
1727620370.926192045 0.803000000 443
1727620371.430327892 0.927000000 444
1727620371.934192896 0.812000000 445
1727620372.438183069 0.793000000 446
1727620372.942533016 1.140000000 447
1727620373.443149090 1.040000000 448
1727620373.943578959 0.855000000 449
1727620374.452955961 7.560000000 450
1727620374.947285891 0.778000000 451
1727620375.454257011 0.875000000 452
1727620375.958170891 0.783000000 453
1727620376.462764025 1.380000000 454
1727620376.963284016 0.957000000 455
1727620377.463776112 0.927000000 456
1727620377.966331005 0.929000000 457
1727620378.466797113 0.879000000 458
1727620378.974215031 0.824000000 459
1727620379.478183985 0.797000000 460
1727620379.982780933 1.400000000 461
1727620380.483277082 0.925000000 462
1727620380.990370989 0.959000000 463
1727620381.490789890 0.842000000 464
1727620381.998357058 0.944000000 465
1727620382.498764038 0.829000000 466
1727620383.006206036 0.813000000 467
1727620383.510251045 0.832000000 468
1727620384.014354944 0.944000000 469
1727620384.514858007 0.922000000 470
1727620385.023078918 1.690000000 471
1727620385.523472071 0.825000000 472
1727620386.030414104 0.987000000 473
1727620386.530754089 0.770000000 474
1727620387.038357973 0.947000000 475
1727620387.538783073 0.864000000 476
1727620388.046067953 0.672000000 477
1727620388.550290108 0.902000000 478
1727620389.054217100 0.818000000 479
1727620389.558161974 0.780000000 480
1727620390.062520981 1.120000000 481
1727620390.564027071 1.920000000 482
1727620391.064423084 0.822000000 483
1727620391.566286087 0.877000000 484
1727620392.070238113 0.841000000 485
1727620392.574242115 0.848000000 486
1727620393.078313112 0.920000000 487
1727620393.582504034 1.110000000 488
1727620394.083149910 1.080000000 489
1727620394.583570957 0.849000000 490
1727620395.086189985 0.816000000 491
1727620395.590187073 0.793000000 492
1727620396.094227076 0.823000000 493
1727620396.598229885 0.834000000 494
1727620397.102622986 1.220000000 495
1727620397.603149891 0.941000000 496
1727620398.110178947 0.781000000 497
1727620398.614358902 0.970000000 498
1727620399.114754915 0.825000000 499
1727620399.622587919 1.200000000 500
1727620400.123508930 1.360000000 501
1727620400.624027967 0.944000000 502
1727620401.126221895 0.819000000 503
1727620401.630199909 0.797000000 504
1727620402.134464979 1.080000000 505
1727620402.634841919 0.799000000 506
1727620403.142303944 0.922000000 507
1727620403.646236897 0.847000000 508
1727620404.150262117 0.880000000 509
1727620404.654225111 0.830000000 510
1727620405.158215046 0.839000000 511
1727620405.662534952 1.140000000 512
1727620406.163168907 1.060000000 513
1727620406.663853884 1.120000000 514
1727620407.165802002 2.360000000 515
1727620407.665218115 0.836000000 516
1727620408.166348934 0.967000000 517
1727620408.666807890 0.872000000 518
1727620409.174297094 0.914000000 519
1727620409.678236961 0.853000000 520
1727620410.182209969 0.822000000 521
1727620410.686191082 0.803000000 522
1727620411.190217972 0.821000000 523
1727620411.694736004 1.320000000 524
1727620412.195246935 0.948000000 525
1727620412.702214956 0.831000000 526
1727620413.206227064 0.836000000 527
1727620413.710184097 0.802000000 528
1727620414.214262962 0.859000000 529
1727620414.718219995 0.833000000 530
1727620415.222647905 1.260000000 531
1727620415.724345922 2.130000000 532
1727620416.224138021 1.230000000 533
1727620416.724522114 0.815000000 534
1727620417.230335951 0.938000000 535
1727620417.734173059 0.783000000 536
1727620418.238260984 0.877000000 537
1727620418.742222071 0.836000000 538
1727620419.246223927 0.840000000 539
1727620419.750215054 0.838000000 540
1727620420.254214048 0.831000000 541
1727620420.758219957 0.836000000 542
1727620421.262217999 0.830000000 543
1727620421.766231060 0.828000000 544
1727620422.270363092 0.945000000 545
1727620422.770823002 0.878000000 546
1727620423.278224945 0.833000000 547
1727620423.782193899 0.799000000 548
1727620424.286211014 0.822000000 549
1727620424.790215969 0.816000000 550
1727620425.294223070 0.827000000 551
1727620425.798330069 0.932000000 552
1727620426.298749924 0.826000000 553
1727620426.806205988 0.821000000 554
1727620427.310303926 0.916000000 555
1727620427.814229012 0.845000000 556
1727620428.318433046 1.030000000 557
1727620428.818892956 0.882000000 558
1727620429.326257944 0.860000000 559
1727620429.830259085 0.871000000 560
1727620430.334206104 0.817000000 561
1727620430.838284016 0.896000000 562
1727620431.342204094 0.822000000 563
1727620431.846179008 0.799000000 564
1727620432.350231886 0.838000000 565
1727620432.854249954 0.853000000 566
1727620433.358194113 0.798000000 567
1727620433.862194061 0.805000000 568
1727620434.366223097 0.824000000 569
1727620434.870381117 0.961000000 570
1727620435.370819092 0.863000000 571
1727620435.878247976 0.845000000 572
1727620436.382441998 1.050000000 573
1727620436.883140087 1.130000000 574
1727620437.383752108 1.040000000 575
1727620437.884200096 0.874000000 576
1727620438.390283108 0.892000000 577
1727620438.894323111 0.911000000 578
1727620439.398255110 0.844000000 579
1727620439.902242899 0.837000000 580
1727620440.406320095 0.914000000 581
1727620440.910317898 0.912000000 582
1727620441.414232969 0.832000000 583
1727620441.918243885 0.840000000 584
1727620442.422231913 0.830000000 585
1727620442.926182985 0.790000000 586
1727620443.430207014 0.822000000 587
1727620443.934221983 0.819000000 588
1727620444.438407898 0.995000000 589
1727620444.938848972 0.850000000 590
1727620445.446198940 0.817000000 591
1727620445.950290918 0.903000000 592
1727620446.454405069 0.984000000 593
1727620446.954776049 0.801000000 594
1727620447.462222099 0.804000000 595
1727620447.966216087 0.823000000 596
1727620448.470367908 0.968000000 597
1727620448.970829964 0.873000000 598
1727620449.478220940 0.830000000 599
1727620449.982249975 0.848000000 600
1727620450.486350060 0.957000000 601
1727620450.986676931 0.770000000 602
1727620451.494204044 0.811000000 603
1727620451.998374939 0.970000000 604
1727620452.498794079 0.839000000 605
1727620453.006182909 0.783000000 606
1727620453.510198116 0.805000000 607
1727620454.014312983 0.895000000 608
1727620454.518366098 0.963000000 609
1727620455.018726110 0.777000000 610
1727620455.526279926 0.878000000 611
1727620456.030246973 0.840000000 612
1727620456.534296989 0.891000000 613
1727620457.039066076 1.680000000 614
1727620457.539467096 0.829000000 615
1727620458.046319008 0.916000000 616
1727620458.550216913 0.823000000 617
1727620459.055186987 0.791000000 618
1727620459.558254004 0.851000000 619
1727620460.062272072 0.864000000 620
1727620460.566309929 0.896000000 621
1727620461.070281029 0.890000000 622
1727620461.574187040 0.799000000 623
1727620462.078330994 0.934000000 624
1727620462.582236052 0.846000000 625
1727620463.086220980 0.827000000 626
1727620463.590207100 0.825000000 627
1727620464.094290018 0.901000000 628
1727620464.598301888 0.904000000 629
1727620465.102195024 0.789000000 630
1727620465.606231928 0.841000000 631
1727620466.110239029 0.835000000 632
1727620466.614475012 1.080000000 633
1727620467.114830017 0.782000000 634
1727620467.622234106 0.836000000 635
1727620468.126218081 0.820000000 636
1727620468.630228996 0.833000000 637
1727620469.134188890 0.804000000 638
1727620469.638216972 0.827000000 639
1727620470.142268896 0.869000000 640
1727620470.646285057 0.894000000 641
1727620471.150300980 0.917000000 642
1727620471.654252052 0.849000000 643
1727620472.158317089 0.901000000 644
1727620472.662256956 0.850000000 645
1727620473.166182995 0.789000000 646
1727620473.670376062 0.977000000 647
1727620474.170809031 0.865000000 648
1727620474.678352118 0.961000000 649
1727620475.178709984 0.786000000 650
1727620475.686201096 0.813000000 651
1727620476.190251112 0.861000000 652
1727620476.694376945 0.988000000 653
1727620477.194734097 0.763000000 654
1727620477.702250004 0.859000000 655
1727620478.206283092 0.898000000 656
1727620478.710401058 0.979000000 657
1727620479.210808992 0.831000000 658
1727620479.718301058 0.896000000 659
1727620480.222215891 0.826000000 660
1727620480.726278067 0.882000000 661
1727620481.230278015 0.889000000 662
1727620481.734436989 1.030000000 663
1727620482.234822035 0.817000000 664
1727620482.742332935 0.949000000 665
1727620483.242846966 0.924000000 666
1727620483.750221014 0.834000000 667
1727620484.254230976 0.851000000 668
1727620484.758261919 0.859000000 669
1727620485.262201071 0.817000000 670
1727620485.766299963 0.911000000 671
1727620486.270239115 0.855000000 672
1727620486.774394035 0.999000000 673
1727620487.274820089 0.857000000 674
1727620487.782284975 0.882000000 675
1727620488.286236048 0.848000000 676
1727620488.790185928 0.799000000 677
1727620489.294329882 0.941000000 678
1727620489.794742107 0.822000000 679
1727620490.302272081 0.879000000 680
1727620490.806372881 0.964000000 681
1727620491.306894064 0.927000000 682
1727620491.814800978 1.400000000 683
1727620492.315175056 0.814000000 684
1727620492.822400093 1.010000000 685
1727620493.322805882 0.844000000 686
1727620493.830234051 0.829000000 687
1727620494.334187984 0.795000000 688
1727620494.838275909 0.889000000 689
1727620495.342215061 0.830000000 690
1727620495.846230984 0.834000000 691
1727620496.350389004 0.990000000 692
1727620496.850836992 0.841000000 693
1727620497.358261108 0.853000000 694
1727620497.862235069 0.840000000 695
1727620498.366365910 0.972000000 696
1727620498.866837025 0.898000000 697
1727620499.374212980 0.826000000 698
1727620499.878284931 0.898000000 699
1727620500.382375956 0.978000000 700
1727620500.882867098 0.913000000 701
1727620501.391958952 2.560000000 702
1727620501.891424894 0.898000000 703
1727620502.398296118 0.899000000 704
1727620502.902280092 0.872000000 705
1727620503.406224012 0.827000000 706
1727620503.910466909 1.070000000 707
1727620504.410883904 0.852000000 708
1727620504.918463945 1.070000000 709
1727620505.418941975 0.887000000 710
1727620505.926328897 0.915000000 711
1727620506.430305004 0.907000000 712
1727620506.934278965 0.882000000 713
1727620507.438254118 0.849000000 714
1727620507.942336082 0.940000000 715
1727620508.442787886 0.836000000 716
1727620508.950304031 0.864000000 717
1727620509.454385996 1.000000000 718
1727620509.954917908 0.949000000 719
1727620510.455390930 0.877000000 720
1727620510.958297968 0.895000000 721
1727620511.462275982 0.867000000 722
1727620511.966248989 0.859000000 723
1727620512.470293045 0.898000000 724
1727620512.974886894 1.500000000 725
1727620513.475258112 0.805000000 726
1727620513.982274055 0.876000000 727
1727620514.486237049 0.835000000 728
1727620514.990238905 0.840000000 729
1727620515.494894028 1.510000000 730
1727620515.995439053 0.974000000 731
1727620516.496422052 1.410000000 732
1727620516.996870041 0.888000000 733
1727620517.502357960 0.962000000 734
1727620518.002763987 0.840000000 735
1727620518.510217905 0.824000000 736
1727620519.014432907 1.010000000 737
1727620519.514936924 0.921000000 738
1727620520.022250891 0.855000000 739
1727620520.526287079 0.891000000 740
1727620521.030231953 0.837000000 741
1727620521.534323931 0.920000000 742
1727620522.038321972 0.927000000 743
1727620522.542200089 0.803000000 744
1727620523.046238899 0.844000000 745
1727620523.550250053 0.856000000 746
1727620524.054331064 0.934000000 747
1727620524.558238029 0.837000000 748
1727620525.062252998 0.855000000 749
1727620525.566314936 0.917000000 750
1727620526.070390940 0.986000000 751
1727620526.570955038 0.984000000 752
1727620527.071422100 0.888000000 753
1727620527.574271917 0.877000000 754
1727620528.078226089 0.840000000 755
1727620528.582382917 0.992000000 756
1727620529.082851887 0.889000000 757
1727620529.590224981 0.836000000 758
1727620530.094268084 0.877000000 759
1727620530.598362923 0.954000000 760
1727620531.098915100 0.965000000 761
1727620531.599684954 1.190000000 762
1727620532.100182056 0.925000000 763
1727620532.606426954 1.030000000 764
1727620533.106834888 0.845000000 765
1727620533.614296913 0.904000000 766
1727620534.118314028 0.933000000 767
1727620534.622270107 0.885000000 768
1727620535.126239061 0.842000000 769
1727620535.630296946 0.909000000 770
1727620536.134417057 1.030000000 771
1727620536.634835958 0.841000000 772
1727620537.142244101 0.848000000 773
1727620537.646253109 0.852000000 774
1727620538.150388002 1.000000000 775
1727620538.650856018 0.901000000 776
1727620539.158389091 0.982000000 777
1727620539.658859015 0.863000000 778
1727620540.166395903 1.020000000 779
1727620540.666990042 1.030000000 780
1727620541.167385101 0.820000000 781
1727620541.670274019 0.870000000 782
1727620542.174556017 1.160000000 783
1727620542.675008059 0.889000000 784
1727620543.182368040 0.928000000 785
1727620543.682774067 0.826000000 786
1727620544.190275908 0.872000000 787
1727620544.695971012 2.580000000 788
1727620545.195367098 0.831000000 789
1727620545.702243090 0.855000000 790
1727620546.206387043 1.000000000 791
1727620546.706757069 0.808000000 792
1727620547.215647936 2.260000000 793
1727620547.715172052 0.936000000 794
1727620548.216185093 1.430000000 795
1727620548.716662884 0.905000000 796
1727620549.222388983 0.982000000 797
1727620549.722784042 0.821000000 798
1727620550.230139017 0.744000000 799
1727620550.734334946 0.946000000 800
1727620551.235018015 1.100000000 801
1727620551.735471964 0.883000000 802
1727620552.238320112 0.918000000 803
1727620552.742222071 0.830000000 804
1727620553.246282101 0.886000000 805
1727620553.750221968 0.837000000 806
1727620554.254430056 1.020000000 807
1727620554.754868031 0.863000000 808
1727620555.262221098 0.824000000 809
1727620555.766375065 0.977000000 810
1727620556.266791105 0.838000000 811
1727620556.774406910 1.000000000 812
1727620557.275065899 1.080000000 813
1727620557.775834084 1.200000000 814
1727620558.276237965 0.826000000 815
1727620558.782191038 0.801000000 816
1727620559.286329031 0.917000000 817
1727620559.790216923 0.830000000 818
1727620560.294275045 0.868000000 819
1727620560.798249960 0.844000000 820
1727620561.302273035 0.864000000 821
1727620561.806292057 0.879000000 822
1727620562.310301065 0.914000000 823
1727620562.814491987 1.100000000 824
1727620563.315006971 0.944000000 825
1727620563.822179079 0.798000000 826
1727620564.326356888 0.960000000 827
1727620564.826785088 0.847000000 828
1727620565.334789038 1.370000000 829
1727620565.835288048 0.920000000 830
1727620566.342272997 0.854000000 831
1727620566.846250057 0.854000000 832
1727620567.350234985 0.843000000 833
1727620567.854541063 1.140000000 834
1727620568.354968071 0.844000000 835
1727620568.862226963 0.812000000 836
1727620569.366318941 0.932000000 837
1727620569.870565891 1.160000000 838
1727620570.371025085 0.875000000 839
1727620570.878334999 0.924000000 840
1727620571.378886938 0.952000000 841
1727620571.886234999 0.844000000 842
1727620572.390486956 1.100000000 843
1727620572.891025066 0.971000000 844
1727620573.391402960 0.812000000 845
1727620573.895328999 1.920000000 846
1727620574.394902945 0.981000000 847
1727620574.895366907 0.889000000 848
1727620575.398188114 0.803000000 849
1727620575.902316093 0.912000000 850
1727620576.406613111 1.210000000 851
1727620576.907601118 1.420000000 852
1727620577.408083916 0.917000000 853
1727620577.910222054 0.835000000 854
1727620578.414350986 0.969000000 855
1727620578.915610075 1.690000000 856
1727620579.415980101 0.810000000 857
1727620579.918267012 0.841000000 858
1727620580.422241926 0.812000000 859
1727620580.926398993 0.998000000 860
1727620581.426767111 0.796000000 861
1727620581.934267998 0.888000000 862
1727620582.438235998 0.853000000 863
1727620582.942254066 0.860000000 864
1727620583.446204901 0.824000000 865
1727620583.950218916 0.840000000 866
1727620584.454302073 0.918000000 867
1727620584.958437920 1.020000000 868
1727620585.458815098 0.802000000 869
1727620585.966272116 0.868000000 870
1727620586.470251083 0.854000000 871
1727620586.975100040 1.710000000 872
1727620587.475568056 0.898000000 873
1727620587.982243061 0.859000000 874
1727620588.486237049 0.845000000 875
1727620588.990217924 0.804000000 876
1727620589.494513988 1.110000000 877
1727620589.995394945 1.300000000 878
1727620590.495815039 0.847000000 879
1727620590.998225927 0.831000000 880
1727620591.502206087 0.809000000 881
1727620592.006156921 0.771000000 882
1727620592.510241985 0.853000000 883
1727620593.014566898 1.170000000 884
1727620593.515096903 0.960000000 885
1727620594.015610933 0.947000000 886
1727620594.518203020 0.804000000 887
1727620595.022274017 0.872000000 888
1727620595.526271105 0.873000000 889
1727620596.030230999 0.830000000 890
1727620596.534394979 0.986000000 891
1727620597.035309076 1.340000000 892
1727620597.535832882 0.949000000 893
1727620598.036355972 0.912000000 894
1727620598.542280912 0.875000000 895
1727620599.046298981 0.894000000 896
1727620599.550327063 0.935000000 897
1727620600.054552078 1.160000000 898
1727620600.554994106 0.867000000 899
1727620601.062362909 0.944000000 900
1727620601.562763929 0.839000000 901
1727620602.070307970 0.895000000 902
1727620602.574568987 1.180000000 903
1727620603.076260090 2.130000000 904
1727620603.575937986 1.110000000 905
1727620604.076375961 0.866000000 906
1727620604.582212925 0.828000000 907
1727620605.086218119 0.836000000 908
1727620605.590202093 0.812000000 909
1727620606.094862938 1.470000000 910
1727620606.595649004 1.220000000 911
1727620607.096093893 0.880000000 912
1727620607.598391056 1.010000000 913
1727620608.098917961 0.964000000 914
1727620608.599445105 0.959000000 915
1727620609.100053072 1.030000000 916
1727620609.600878000 1.260000000 917
1727620610.101435900 0.972000000 918
1727620610.602539062 1.540000000 919
1727620611.103038073 0.936000000 920
1727620611.606209040 0.811000000 921
1727620612.110214949 0.827000000 922
1727620612.614348888 0.959000000 923
1727620613.114911079 0.990000000 924
1727620613.615526915 1.020000000 925
1727620614.115963936 0.858000000 926
1727620614.622205973 0.821000000 927
1727620615.126202106 0.808000000 928
1727620615.630183935 0.786000000 929
1727620616.134618044 1.220000000 930
1727620616.635051966 0.856000000 931
1727620617.142282963 0.883000000 932
1727620617.646323919 0.924000000 933
1727620618.150254011 0.864000000 934
1727620618.654542923 1.150000000 935
1727620619.155174017 1.070000000 936
1727620619.655575037 0.841000000 937
1727620620.158271074 0.845000000 938
1727620620.662652969 1.250000000 939
1727620621.163209915 0.973000000 940
1727620621.663604021 0.824000000 941
1727620622.166309118 0.894000000 942
1727620622.670245886 0.843000000 943
1727620623.174459934 1.060000000 944
1727620623.674994946 0.954000000 945
1727620624.182190895 0.796000000 946
1727620624.686204910 0.815000000 947
1727620625.190186024 0.797000000 948
1727620625.694374084 0.951000000 949
1727620626.195164919 1.210000000 950
1727620626.695595980 0.860000000 951
1727620627.198427916 1.010000000 952
1727620627.698833942 0.835000000 953
1727620628.206274033 0.886000000 954
1727620628.710335016 0.952000000 955
1727620629.210796118 0.891000000 956
1727620629.718292952 0.898000000 957
1727620630.222235918 0.846000000 958
1727620630.726253986 0.860000000 959
1727620631.230420113 1.020000000 960
1727620631.730792046 0.807000000 961
1727620632.238300085 0.881000000 962
1727620632.742328882 0.905000000 963
1727620633.242747068 0.826000000 964
1727620633.750242949 0.848000000 965
1727620634.254230976 0.848000000 966
1727620634.758271933 0.888000000 967
1727620635.262806892 1.420000000 968
1727620635.763216019 0.831000000 969
1727620636.270189047 0.809000000 970
1727620636.774235964 0.843000000 971
1727620637.278310061 0.920000000 972
1727620637.782216072 0.819000000 973
1727620638.286474943 1.070000000 974
1727620638.786921978 0.875000000 975
1727620639.294778109 1.380000000 976
1727620639.795350075 0.987000000 977
1727620640.295916080 1.000000000 978
1727620640.796376944 0.891000000 979
1727620641.302253962 0.849000000 980
1727620641.806204081 0.827000000 981
1727620642.310208082 0.827000000 982
1727620642.814225912 0.833000000 983
1727620643.318208933 0.827000000 984
1727620643.822210073 0.822000000 985
1727620644.326276064 0.900000000 986
1727620644.830301046 0.927000000 987
1727620645.334223986 0.821000000 988
1727620645.838229895 0.831000000 989
1727620646.342180014 0.805000000 990
1727620646.846286058 0.885000000 991
1727620647.350228071 0.832000000 992
1727620647.854208946 0.835000000 993
1727620648.358217001 0.825000000 994
1727620648.862241983 0.846000000 995
1727620649.366256952 0.877000000 996
1727620649.870256901 0.870000000 997
1727620650.374227047 0.843000000 998
1727620650.878983974 1.610000000 999
1727620651.380161047 1.600000000 1000
1727620651.881303072 1.590000000 1001
1727620652.382195950 1.350000000 1002
1727620652.883136034 1.370000000 1003
1727620653.383996010 1.280000000 1004
1727620653.885967970 2.410000000 1005
1727620654.386528015 2.010000000 1006
1727620654.886786938 1.710000000 1007
1727620655.388189077 1.850000000 1008
1727620655.889590025 1.720000000 1009
1727620656.390361071 1.220000000 1010
1727620656.891437054 1.530000000 1011
1727620657.392302990 1.320000000 1012
1727620657.893322945 1.460000000 1013
1727620658.394460917 1.550000000 1014
1727620658.895544052 1.520000000 1015
1727620659.395888090 0.776000000 1016
1727620659.902323961 0.936000000 1017
1727620660.406209946 0.825000000 1018
1727620660.910320044 0.943000000 1019
1727620661.414206982 0.803000000 1020
1727620661.918211937 0.822000000 1021
1727620662.422148943 0.752000000 1022
1727620662.926434994 1.050000000 1023
1727620663.427058935 1.030000000 1024
1727620663.927418947 0.789000000 1025
1727620664.430181980 0.795000000 1026
1727620664.934201002 0.803000000 1027
1727620665.438180923 0.798000000 1028
1727620665.942352057 0.946000000 1029
1727620666.442718983 0.799000000 1030
1727620666.950356960 0.953000000 1031
1727620667.450908899 0.962000000 1032
1727620667.951327085 0.834000000 1033
1727620668.454358101 0.938000000 1034
1727620668.954881907 0.957000000 1035
1727620669.455430031 0.979000000 1036
1727620669.955691099 0.694000000 1037
1727620670.462362051 0.940000000 1038
1727620670.962764978 0.828000000 1039
1727620671.470156908 0.760000000 1040
1727620671.974224091 0.828000000 1041
1727620672.478250027 0.860000000 1042
1727620672.982213974 0.824000000 1043
1727620673.486262083 0.869000000 1044
1727620673.990199089 0.812000000 1045
1727620674.494366884 0.941000000 1046
1727620674.995064974 1.120000000 1047
1727620675.495656967 1.010000000 1048
1727620675.996241093 1.030000000 1049
1727620676.496613979 0.806000000 1050
1727620676.998363018 0.940000000 1051
1727620677.498742104 0.807000000 1052
1727620678.006287098 0.904000000 1053
1727620678.511609077 2.220000000 1054
1727620679.010922909 0.745000000 1055
1727620679.518243074 0.838000000 1056
1727620680.022371054 0.962000000 1057
1727620680.522670031 0.732000000 1058
1727620681.030308962 0.865000000 1059
1727620681.534235954 0.835000000 1060
1727620682.038240910 0.837000000 1061
1727620682.542314053 0.928000000 1062
1727620683.046189070 0.795000000 1063
1727620683.550322056 0.936000000 1064
1727620684.054488897 1.080000000 1065
1727620684.555123091 1.060000000 1066
1727620685.055670023 0.976000000 1067
1727620685.556097031 0.855000000 1068
1727620686.062233925 0.839000000 1069
1727620686.566394091 0.998000000 1070
1727620687.066853046 0.891000000 1071
1727620687.574196100 0.809000000 1072
1727620688.078162909 0.773000000 1073
1727620688.582222939 0.837000000 1074
1727620689.086450100 1.060000000 1075
1727620689.587232113 1.210000000 1076
1727620690.087795019 0.988000000 1077
1727620690.588418007 1.040000000 1078
1727620691.088805914 0.802000000 1079
1727620691.590209961 0.809000000 1080
1727620692.094212055 0.812000000 1081
1727620692.598354101 0.946000000 1082
1727620693.098777056 0.843000000 1083
1727620693.606200933 0.809000000 1084
1727620694.110300064 0.906000000 1085
1727620694.614212036 0.814000000 1086
1727620695.118650913 1.260000000 1087
1727620695.619061947 0.835000000 1088
1727620696.126209021 0.816000000 1089
1727620696.630250931 0.856000000 1090
1727620697.134283066 0.876000000 1091
1727620697.638600111 1.210000000 1092
1727620698.138952971 0.781000000 1093
1727620698.646599054 1.210000000 1094
1727620699.146961927 0.797000000 1095
1727620699.654200077 0.813000000 1096
1727620700.158258915 0.853000000 1097
1727620700.662252903 0.847000000 1098
1727620701.166361094 0.923000000 1099
1727620701.666743040 0.814000000 1100
1727620702.174180031 0.772000000 1101
1727620702.678371906 0.988000000 1102
1727620703.178796053 0.828000000 1103
1727620703.686852932 1.450000000 1104
1727620704.187374115 0.954000000 1105
1727620704.687951088 0.980000000 1106
1727620705.188277960 0.749000000 1107
1727620705.694163084 0.780000000 1108
1727620706.198241949 0.845000000 1109
1727620706.702202082 0.818000000 1110
1727620707.206245899 0.860000000 1111
1727620707.710192919 0.808000000 1112
1727620708.214335918 0.948000000 1113
1727620708.714710951 0.807000000 1114
1727620709.222124100 0.735000000 1115
1727620709.726459026 1.070000000 1116
1727620710.226823092 0.797000000 1117
1727620710.734239101 0.841000000 1118
1727620711.238240004 0.841000000 1119
1727620711.742252111 0.857000000 1120
1727620712.246212959 0.821000000 1121
1727620712.750586033 1.200000000 1122
1727620713.250946045 0.795000000 1123
1727620713.758333921 0.929000000 1124
1727620714.262267113 0.871000000 1125
1727620714.766458035 1.070000000 1126
1727620715.266838074 0.821000000 1127
1727620715.774315119 0.921000000 1128
1727620716.278244019 0.848000000 1129
1727620716.782236099 0.852000000 1130
1727620717.286334991 0.950000000 1131
1727620717.786746025 0.845000000 1132
1727620718.294246912 0.851000000 1133
1727620718.798356056 0.962000000 1134
1727620719.298742056 0.823000000 1135
1727620719.806360006 0.924000000 1136
1727620720.310370922 0.963000000 1137
1727620720.810795069 0.838000000 1138
1727620721.318358898 0.911000000 1139
1727620721.822240114 0.841000000 1140
1727620722.326220036 0.825000000 1141
1727620722.830209017 0.815000000 1142
1727620723.334213018 0.825000000 1143
1727620723.838115931 0.725000000 1144
1727620724.343085051 1.690000000 1145
1727620724.843420982 0.771000000 1146
1727620725.350195885 0.806000000 1147
1727620725.854191065 0.797000000 1148
1727620726.358298063 0.897000000 1149
1727620726.862260103 0.878000000 1150
1727620727.366365910 0.977000000 1151
1727620727.866847038 0.926000000 1152
1727620728.374174118 0.791000000 1153
1727620728.878375053 0.964000000 1154
1727620729.378778934 0.840000000 1155
1727620729.886467934 1.070000000 1156
1727620730.386926889 0.887000000 1157
1727620730.894398928 0.829000000 1158
1727620731.394828081 0.852000000 1159
1727620731.902167082 0.781000000 1160
1727620732.406384945 0.987000000 1161
1727620732.906735897 0.782000000 1162
1727620733.414304018 0.929000000 1163
1727620733.918191910 0.802000000 1164
1727620734.422334909 0.931000000 1165
1727620734.922899008 0.984000000 1166
1727620735.423278093 0.822000000 1167
1727620735.926363945 0.982000000 1168
1727620736.426810980 0.884000000 1169
1727620736.934293985 0.910000000 1170
1727620737.438255072 0.839000000 1171
1727620737.942147970 0.766000000 1172
1727620738.446413040 1.020000000 1173
1727620738.948703051 2.720000000 1174
1727620739.448075056 0.810000000 1175
1727620739.950184107 0.800000000 1176
1727620740.454385996 1.000000000 1177
1727620740.954756975 0.809000000 1178
1727620741.462352037 0.936000000 1179
1727620741.962790012 0.850000000 1180
1727620742.470257044 0.867000000 1181
1727620742.974196911 0.810000000 1182
1727620743.478136063 0.750000000 1183
1727620743.982170105 0.791000000 1184
1727620744.486350060 0.956000000 1185
1727620744.986756086 0.844000000 1186
1727620745.494324923 0.939000000 1187
1727620745.998150110 0.761000000 1188
1727620746.502223969 0.824000000 1189
1727620747.006253958 0.874000000 1190
1727620747.510242939 0.819000000 1191
1727620748.014199972 0.792000000 1192
1727620748.518326044 0.933000000 1193
1727620749.022171021 0.767000000 1194
1727620749.526362896 0.957000000 1195
1727620750.026706934 0.788000000 1196
1727620750.534163952 0.790000000 1197
1727620751.038276911 0.881000000 1198
1727620751.542352915 0.963000000 1199
1727620752.042783976 0.867000000 1200
1727620752.550262928 0.858000000 1201
1727620753.054238081 0.838000000 1202
1727620753.558192968 0.803000000 1203
1727620754.062295914 0.914000000 1204
1727620754.567112923 1.720000000 1205
1727620755.067522049 0.839000000 1206
1727620755.574213982 0.822000000 1207
1727620756.078214884 0.821000000 1208
1727620756.582242966 0.839000000 1209
1727620757.087080956 1.700000000 1210
1727620757.587512016 0.874000000 1211
1727620758.094166994 0.776000000 1212
1727620758.598170996 0.784000000 1213
1727620759.103266954 0.872000000 1214
1727620759.606349945 0.976000000 1215
1727620760.106734037 0.819000000 1216
1727620760.614243984 0.865000000 1217
1727620761.119169950 1.790000000 1218
1727620761.619163036 0.784000000 1219
1727620762.126363039 0.971000000 1220
1727620762.626776934 0.847000000 1221
1727620763.134191036 0.802000000 1222
1727620763.638166904 0.774000000 1223
1727620764.142281055 0.899000000 1224
1727620764.646296978 0.912000000 1225
1727620765.150291920 0.882000000 1226
1727620765.654218912 0.826000000 1227
1727620766.158179045 0.779000000 1228
1727620766.662292957 0.898000000 1229
1727620767.166593075 1.100000000 1230
1727620767.666999102 0.832000000 1231
1727620768.174262047 0.866000000 1232
1727620768.678293943 0.892000000 1233
1727620769.182197094 0.806000000 1234
1727620769.687321901 1.920000000 1235
1727620770.187392950 0.922000000 1236
1727620770.694191933 0.805000000 1237
1727620771.198168039 0.787000000 1238
1727620771.702404022 1.030000000 1239
1727620772.202464104 0.803000000 1240
1727620772.710222006 0.828000000 1241
1727620773.214370012 0.968000000 1242
1727620773.714833975 0.888000000 1243
1727620774.222259998 0.837000000 1244
1727620774.726375103 0.981000000 1245
1727620775.227329016 1.360000000 1246
1727620775.727835894 0.922000000 1247
1727620776.230263948 0.844000000 1248
1727620776.734237909 0.840000000 1249
1727620777.238204002 0.794000000 1250
1727620777.742158890 0.768000000 1251
1727620778.246498108 1.110000000 1252
1727620778.746931076 0.827000000 1253
1727620779.254405975 0.976000000 1254
1727620779.754857063 0.865000000 1255
1727620780.262434006 1.050000000 1256
1727620780.762866974 0.859000000 1257
1727620781.270205975 0.802000000 1258
1727620781.774209976 0.807000000 1259
1727620782.278230906 0.838000000 1260
1727620782.782320023 0.925000000 1261
1727620783.286443949 1.050000000 1262
1727620783.786914110 0.902000000 1263
1727620784.294213057 0.820000000 1264
1727620784.798233986 0.846000000 1265
1727620785.302277088 0.872000000 1266
1727620785.807149887 1.760000000 1267
1727620786.307549953 0.835000000 1268
1727620786.814220905 0.817000000 1269
1727620787.318351030 0.965000000 1270
1727620787.818697929 0.784000000 1271
1727620788.327327013 1.940000000 1272
1727620788.827795029 0.897000000 1273
1727620789.334193945 0.798000000 1274
1727620789.838274002 0.886000000 1275
1727620790.342422962 1.020000000 1276
1727620790.842803955 0.791000000 1277
1727620791.350246906 0.841000000 1278
1727620791.854382992 0.989000000 1279
1727620792.354727983 0.780000000 1280
1727620792.862144947 0.761000000 1281
1727620793.366285086 0.906000000 1282
1727620793.870229006 0.821000000 1283
1727620794.374353886 0.935000000 1284
1727620794.878381968 0.966000000 1285
1727620795.378743887 0.799000000 1286
1727620795.887527943 2.140000000 1287
1727620796.386934996 0.844000000 1288
1727620796.894164085 0.777000000 1289
1727620797.398294926 0.906000000 1290
1727620797.902151108 0.767000000 1291
1727620798.406486034 1.100000000 1292
1727620798.906904936 0.834000000 1293
1727620799.415168047 0.769000000 1294
1727620799.918169975 0.764000000 1295
1727620800.422274113 0.865000000 1296
1727620800.926575899 1.180000000 1297
1727620801.427515984 1.340000000 1298
1727620801.927957058 0.858000000 1299
1727620802.430144072 0.742000000 1300
1727620802.934324980 0.917000000 1301
1727620803.438154936 0.772000000 1302
1727620803.942183018 0.789000000 1303
1727620804.446583986 1.190000000 1304
1727620804.947091103 0.933000000 1305
1727620805.455267906 1.890000000 1306
1727620805.955610037 0.780000000 1307
1727620806.462173939 0.794000000 1308
1727620806.966417074 1.030000000 1309
1727620807.467108965 1.120000000 1310
1727620807.967459917 0.792000000 1311
1727620808.470314980 0.929000000 1312
1727620808.974188089 0.790000000 1313
1727620809.478238106 0.827000000 1314
1727620809.982254028 0.861000000 1315
1727620810.487292051 1.890000000 1316
1727620810.987627983 0.775000000 1317
1727620811.494292974 0.899000000 1318
1727620811.998205900 0.803000000 1319
1727620812.502202988 0.804000000 1320
1727620813.007323027 1.930000000 1321
1727620813.507734060 0.825000000 1322
1727620814.014292955 0.895000000 1323
1727620814.518207073 0.804000000 1324
1727620815.022222996 0.806000000 1325
1727620815.526688099 1.290000000 1326
1727620816.027092934 0.834000000 1327
1727620816.534276009 0.886000000 1328
1727620817.039000034 1.580000000 1329
1727620817.539350033 0.786000000 1330
1727620818.046639919 1.250000000 1331
1727620818.547044039 0.829000000 1332
1727620819.054260015 0.860000000 1333
1727620819.558207989 0.790000000 1334
1727620820.062277079 0.872000000 1335
1727620820.566776037 1.390000000 1336
1727620821.067186117 0.848000000 1337
1727620821.574199915 0.826000000 1338
1727620822.078226089 0.833000000 1339
1727620822.582181931 0.793000000 1340
1727620823.086741924 1.310000000 1341
1727620823.587414980 1.090000000 1342
1727620824.088052034 1.070000000 1343
1727620824.588404894 0.792000000 1344
1727620825.094175100 0.799000000 1345
1727620825.598170042 0.778000000 1346
1727620826.102217913 0.828000000 1347
1727620826.606725931 1.350000000 1348
1727620827.107134104 0.851000000 1349
1727620827.614402056 1.020000000 1350
1727620828.115082026 1.110000000 1351
1727620828.615861893 1.210000000 1352
1727620829.116555929 1.120000000 1353
1727620829.617214918 1.100000000 1354
1727620830.118062973 1.280000000 1355
1727620830.618598938 0.964000000 1356
1727620831.118984938 0.814000000 1357
1727620831.622311115 0.926000000 1358
1727620832.126605034 1.180000000 1359
1727620832.627487898 1.300000000 1360
1727620833.127875090 0.821000000 1361
1727620833.630265951 0.867000000 1362
1727620834.134303093 0.910000000 1363
1727620834.638197899 0.807000000 1364
1727620835.142254114 0.858000000 1365
1727620835.647013903 1.620000000 1366
1727620836.148760080 2.370000000 1367
1727620836.648778915 1.440000000 1368
1727620837.149363995 1.000000000 1369
1727620837.649760962 0.828000000 1370
1727620838.158163071 0.779000000 1371
1727620838.662419081 1.020000000 1372
1727620839.162784100 0.801000000 1373
1727620839.670217991 0.822000000 1374
1727620840.174179077 0.791000000 1375
1727620840.678236961 0.837000000 1376
1727620841.182229042 0.844000000 1377
1727620841.686645031 1.270000000 1378
1727620842.187206984 1.010000000 1379
1727620842.687963009 1.180000000 1380
1727620843.188352108 0.824000000 1381
1727620843.694190025 0.811000000 1382
1727620844.198174953 0.798000000 1383
1727620844.702320099 0.938000000 1384
1727620845.206317902 0.943000000 1385
1727620845.710232973 0.845000000 1386
1727620846.214358091 0.968000000 1387
1727620846.714745045 0.827000000 1388
1727620847.222210884 0.827000000 1389
1727620847.726377010 0.993000000 1390
1727620848.227008104 1.070000000 1391
1727620848.727699041 1.110000000 1392
1727620849.228337049 1.050000000 1393
1727620849.728878975 0.958000000 1394
1727620850.229319096 0.860000000 1395
1727620850.734179974 0.766000000 1396
1727620851.238595963 1.200000000 1397
1727620851.738954067 0.794000000 1398
1727620852.247564077 2.170000000 1399
1727620852.747092962 0.951000000 1400
1727620853.247742891 1.070000000 1401
1727620853.748169899 0.856000000 1402
1727620854.254194021 0.809000000 1403
1727620854.758239031 0.853000000 1404
1727620855.262454987 1.050000000 1405
1727620855.762953043 0.927000000 1406
1727620856.270215988 0.804000000 1407
1727620856.774185896 0.800000000 1408
1727620857.278299093 0.914000000 1409
1727620857.782253981 0.865000000 1410
1727620858.286688089 1.300000000 1411
1727620858.787638903 1.390000000 1412
1727620859.288077116 0.836000000 1413
1727620859.790213108 0.832000000 1414
1727620860.294167042 0.777000000 1415
1727620860.798263073 0.843000000 1416
1727620861.302212000 0.791000000 1417
1727620861.806327105 0.921000000 1418
1727620862.310188055 0.804000000 1419
1727620862.814251900 0.845000000 1420
1727620863.318212032 0.808000000 1421
1727620863.822191954 0.802000000 1422
1727620864.326167107 0.773000000 1423
1727620864.830208063 0.802000000 1424
1727620865.334220886 0.803000000 1425
1727620865.838260889 0.863000000 1426
1727620866.342221975 0.836000000 1427
1727620866.846261978 0.871000000 1428
1727620867.350353956 0.928000000 1429
1727620867.854590893 1.190000000 1430
1727620868.354975939 0.814000000 1431
1727620868.862250090 0.834000000 1432
1727620869.366240025 0.829000000 1433
1727620869.870188951 0.793000000 1434
1727620870.374284029 0.873000000 1435
1727620870.878249884 0.816000000 1436
1727620871.382277966 0.846000000 1437
1727620871.886353970 0.949000000 1438
1727620872.387042999 1.130000000 1439
1727620872.887487888 0.876000000 1440
1727620873.390129089 0.757000000 1441
1727620873.894232988 0.833000000 1442
1727620874.398168087 0.778000000 1443
1727620874.902400970 1.020000000 1444
1727620875.402776957 0.803000000 1445
1727620875.910152912 0.756000000 1446
1727620876.414189100 0.798000000 1447
1727620876.918205976 0.795000000 1448
1727620877.422317028 0.906000000 1449
1727620877.926260948 0.847000000 1450
1727620878.430406094 1.000000000 1451
1727620878.930821896 0.837000000 1452
1727620879.438235998 0.834000000 1453
1727620879.942214012 0.800000000 1454
1727620880.446170092 0.770000000 1455
1727620880.950243950 0.822000000 1456
1727620881.454320908 0.913000000 1457
1727620881.958226919 0.820000000 1458
1727620882.462285042 0.889000000 1459
1727620882.966173887 0.772000000 1460
1727620883.470257998 0.868000000 1461
1727620883.974179983 0.789000000 1462
1727620884.478327036 0.918000000 1463
1727620884.982193947 0.789000000 1464
1727620885.486193895 0.807000000 1465
1727620885.990238905 0.841000000 1466
1727620886.494159937 0.758000000 1467
1727620886.998421907 1.000000000 1468
1727620887.498908043 0.888000000 1469
1727620888.006270885 0.850000000 1470
1727620888.510155916 0.765000000 1471
1727620889.014236927 0.829000000 1472
1727620889.518187046 0.784000000 1473
1727620890.022290945 0.875000000 1474
1727620890.526196003 0.801000000 1475
1727620891.030395031 0.971000000 1476
1727620891.530796051 0.798000000 1477
1727620892.038206100 0.797000000 1478
1727620892.542227983 0.809000000 1479
1727620893.046206951 0.801000000 1480
1727620893.550215960 0.827000000 1481
1727620894.054481983 1.060000000 1482
1727620894.554905891 0.827000000 1483
1727620895.062362909 0.970000000 1484
1727620895.562819958 0.866000000 1485
1727620896.070451021 0.999000000 1486
1727620896.570899963 0.855000000 1487
1727620897.078260899 0.844000000 1488
1727620897.582220078 0.807000000 1489
1727620898.086196899 0.792000000 1490
1727620898.590259075 0.852000000 1491
1727620899.094320059 0.935000000 1492
1727620899.598220110 0.816000000 1493
1727620900.102271080 0.860000000 1494
1727620900.606223106 0.814000000 1495
1727620901.110639095 1.230000000 1496
1727620901.611152887 0.934000000 1497
1727620902.118220091 0.806000000 1498
1727620902.622272015 0.834000000 1499
1727620903.126230001 0.830000000 1500
1727620903.630309105 0.891000000 1501
1727620904.134293079 0.861000000 1502
1727620904.638355017 0.946000000 1503
1727620905.142316103 0.907000000 1504
1727620905.646208048 0.799000000 1505
1727620906.150414944 0.987000000 1506
1727620906.650854111 0.835000000 1507
1727620907.158426046 1.020000000 1508
1727620907.659121037 1.100000000 1509
1727620908.159554958 0.816000000 1510
1727620908.662204981 0.803000000 1511
1727620909.166218042 0.815000000 1512
1727620909.670463085 1.050000000 1513
1727620910.170828104 0.768000000 1514
1727620910.678463936 1.050000000 1515
1727620911.178967953 0.906000000 1516
1727620911.686211109 0.813000000 1517
1727620912.190166950 0.742000000 1518
1727620912.694139957 0.760000000 1519
1727620913.198278904 0.877000000 1520
1727620913.702286005 0.871000000 1521
1727620914.206250906 0.846000000 1522
1727620914.710352898 0.918000000 1523
1727620915.210779905 0.828000000 1524
1727620915.718337059 0.957000000 1525
1727620916.218863010 0.964000000 1526
1727620916.726226091 0.847000000 1527
1727620917.230210066 0.813000000 1528
1727620917.734364986 0.971000000 1529
1727620918.234811068 0.877000000 1530
1727620918.742242098 0.865000000 1531
1727620919.246237040 0.852000000 1532
1727620919.750329018 0.934000000 1533
1727620920.254239082 0.852000000 1534
1727620920.758641005 1.240000000 1535
1727620921.259064913 0.832000000 1536
1727620921.766380072 0.991000000 1537
1727620922.266757965 0.810000000 1538
1727620922.774235964 0.831000000 1539
1727620923.278589964 1.190000000 1540
1727620923.779036999 0.888000000 1541
1727620924.286345005 0.932000000 1542
1727620924.790209055 0.826000000 1543
1727620925.294182062 0.793000000 1544
1727620925.798444986 1.050000000 1545
1727620926.298831940 0.813000000 1546
1727620926.806236029 0.824000000 1547
1727620927.310272932 0.890000000 1548
1727620927.814243078 0.844000000 1549
1727620928.318284035 0.853000000 1550
1727620928.822190046 0.781000000 1551
1727620929.326246977 0.802000000 1552
1727620929.830216885 0.825000000 1553
1727620930.334163904 0.778000000 1554
1727620930.838885069 1.490000000 1555
1727620931.339306116 0.843000000 1556
1727620931.845995903 0.604000000 1557
1727620932.350172997 0.797000000 1558
1727620932.854173899 0.788000000 1559
1727620933.359133959 1.760000000 1560
1727620933.859492064 0.801000000 1561
1727620934.366430998 1.040000000 1562
1727620934.866789103 0.799000000 1563
1727620935.374176979 0.783000000 1564
1727620935.878813028 1.430000000 1565
1727620936.379198074 0.819000000 1566
1727620936.886537075 1.140000000 1567
1727620937.387161016 1.050000000 1568
1727620937.887613058 0.885000000 1569
1727620938.390172958 0.783000000 1570
1727620938.894223928 0.828000000 1571
1727620939.398576021 1.180000000 1572
1727620939.899117947 0.968000000 1573
1727620940.399513006 0.817000000 1574
1727620940.902251005 0.849000000 1575
1727620941.406203985 0.813000000 1576
1727620941.910201073 0.815000000 1577
1727620942.414172888 0.787000000 1578
1727620942.918387890 0.996000000 1579
1727620943.418787956 0.831000000 1580
1727620943.926345110 0.950000000 1581
1727620944.426678896 0.769000000 1582
1727620944.934318066 0.912000000 1583
1727620945.438271999 0.873000000 1584
1727620945.942210913 0.793000000 1585
1727620946.446208000 0.813000000 1586
1727620946.950184107 0.780000000 1587
1727620947.454330921 0.930000000 1588
1727620947.958322048 0.918000000 1589
1727620948.462198973 0.796000000 1590
1727620948.966366053 0.947000000 1591
1727620949.466839075 0.892000000 1592
1727620949.974261045 0.847000000 1593
1727620950.478352070 0.959000000 1594
1727620950.979058981 1.110000000 1595
1727620951.479559898 0.926000000 1596
1727620951.982192039 0.804000000 1597
1727620952.486556053 1.170000000 1598
1727620952.987049103 0.921000000 1599
1727620953.494257927 0.863000000 1600
1727620953.998733044 1.330000000 1601
1727620954.499095917 0.792000000 1602
1727620955.006304979 0.918000000 1603
1727620955.510422945 1.030000000 1604
1727620956.010888100 0.888000000 1605
1727620956.518253088 0.855000000 1606
1727620957.022221088 0.829000000 1607
1727620957.526245117 0.851000000 1608
1727620958.030169964 0.770000000 1609
1727620958.534692049 1.280000000 1610
1727620959.035609007 1.330000000 1611
1727620959.536592007 1.410000000 1612
1727620960.038120031 1.960000000 1613
1727620960.538494110 1.790000000 1614
1727620961.039289951 1.190000000 1615
1727620961.539613962 0.739000000 1616
1727620962.046293974 0.912000000 1617
1727620962.550220966 0.827000000 1618
1727620963.054301023 0.893000000 1619
1727620963.558303118 0.895000000 1620
1727620964.062330961 0.932000000 1621
1727620964.566220999 0.827000000 1622
1727620965.070278883 0.884000000 1623
1727620965.574218035 0.817000000 1624
1727620966.078474045 1.090000000 1625
1727620966.579169035 1.140000000 1626
1727620967.079566956 0.845000000 1627
1727620967.582278967 0.878000000 1628
1727620968.086221933 0.830000000 1629
1727620968.590154886 0.768000000 1630
1727620969.094203949 0.815000000 1631
1727620969.598246098 0.855000000 1632
1727620970.102317095 0.928000000 1633
1727620970.606266022 0.875000000 1634
1727620971.110275984 0.871000000 1635
1727620971.614130974 0.737000000 1636
1727620972.118396044 1.000000000 1637
1727620972.618757963 0.778000000 1638
1727620973.126446009 1.040000000 1639
1727620973.626827002 0.803000000 1640
1727620974.134207010 0.805000000 1641
1727620974.638351917 0.938000000 1642
1727620975.142126083 0.740000000 1643
1727620975.646203041 0.813000000 1644
1727620976.150208950 0.819000000 1645
1727620976.654203892 0.809000000 1646
1727620977.158252001 0.856000000 1647
1727620977.662457943 1.070000000 1648
1727620978.162863016 0.838000000 1649
1727620978.670207977 0.812000000 1650
1727620979.174161911 0.780000000 1651
1727620979.679127932 1.730000000 1652
1727620980.179529905 0.819000000 1653
1727620980.686317921 0.922000000 1654
1727620981.190197945 0.807000000 1655
1727620981.694200039 0.812000000 1656
1727620982.198580980 1.190000000 1657
1727620982.699142933 0.994000000 1658
1727620983.199491024 0.783000000 1659
1727620983.702142954 0.759000000 1660
1727620984.206202030 0.809000000 1661
1727620984.710186005 0.784000000 1662
1727620985.214199066 0.813000000 1663
1727620985.718321085 0.927000000 1664
1727620986.222179890 0.786000000 1665
1727620986.726181030 0.796000000 1666
1727620987.230357885 0.944000000 1667
1727620987.730880976 0.858000000 1668
1727620988.238375902 0.965000000 1669
1727620988.738830090 0.864000000 1670
1727620989.246170998 0.776000000 1671
1727620989.750257969 0.861000000 1672
1727620990.254317999 0.928000000 1673
1727620990.758323908 0.907000000 1674
1727620991.262243032 0.845000000 1675
1727620991.766217947 0.826000000 1676
1727620992.270320892 0.915000000 1677
1727620992.774218082 0.821000000 1678
1727620993.278440952 1.030000000 1679
1727620993.778872013 0.861000000 1680
1727620994.286180973 0.793000000 1681
1727620994.790417910 1.030000000 1682
1727620995.291007996 1.020000000 1683
1727620995.791449070 0.851000000 1684
1727620996.294274092 0.864000000 1685
1727620996.798367023 0.979000000 1686
1727620997.298974991 1.030000000 1687
1727620997.799228907 0.850000000 1688
1727620998.302263975 0.867000000 1689
1727620998.807399988 2.000000000 1690
1727620999.306896925 0.918000000 1691
1727620999.814259052 0.861000000 1692
1727621000.319139957 1.730000000 1693
1727621000.819711924 0.995000000 1694
1727621001.320154905 0.874000000 1695
1727621001.822223902 0.836000000 1696
1727621002.326247931 0.854000000 1697
1727621002.830353022 0.942000000 1698
1727621003.334270000 0.878000000 1699
1727621003.838363886 0.974000000 1700
1727621004.338723898 0.791000000 1701
1727621004.846302032 0.895000000 1702
1727621005.350359917 0.934000000 1703
1727621005.850760937 0.829000000 1704
1727621006.358623028 1.230000000 1705
1727621006.859081030 0.883000000 1706
1727621007.366373062 0.972000000 1707
1727621007.866739035 0.795000000 1708
1727621008.374207973 0.803000000 1709
1727621008.878552914 1.160000000 1710
1727621009.378943920 0.837000000 1711
1727621009.886195898 0.813000000 1712
1727621010.390249968 0.844000000 1713
1727621010.894191027 0.804000000 1714
1727621011.398519039 1.120000000 1715
1727621011.899604082 1.510000000 1716
1727621012.400024891 0.843000000 1717
1727621012.902318001 0.918000000 1718
1727621013.406255007 0.868000000 1719
1727621013.910187960 0.799000000 1720
1727621014.414269924 0.861000000 1721
1727621014.918478012 1.070000000 1722
1727621015.418903112 0.841000000 1723
1727621015.926188946 0.805000000 1724
1727621016.430291891 0.898000000 1725
1727621016.934324026 0.946000000 1726
1727621017.438350916 0.951000000 1727
1727621017.938868999 0.947000000 1728
1727621018.446290970 0.877000000 1729
1727621018.950309038 0.899000000 1730
1727621019.454221010 0.808000000 1731
1727621019.958365917 0.944000000 1732
1727621020.458873034 0.893000000 1733
1727621020.966273069 0.844000000 1734
1727621021.470277071 0.864000000 1735
1727621021.974313021 0.868000000 1736
1727621022.478409052 0.985000000 1737
1727621022.978827000 0.807000000 1738
1727621023.486219883 0.819000000 1739
1727621023.990168095 0.754000000 1740
1727621024.494287014 0.893000000 1741
1727621024.998661041 1.270000000 1742
1727621025.499042034 0.808000000 1743
1727621026.006330967 0.917000000 1744
1727621026.510227919 0.837000000 1745
1727621027.014194012 0.808000000 1746
1727621027.518315077 0.928000000 1747
1727621028.022212982 0.816000000 1748
1727621028.526226997 0.827000000 1749
1727621029.030195951 0.793000000 1750
1727621029.534307957 0.919000000 1751
1727621030.038542986 1.160000000 1752
1727621030.538925886 0.813000000 1753
1727621031.046174049 0.792000000 1754
1727621031.550187111 0.807000000 1755
1727621032.054259062 0.867000000 1756
1727621032.558640003 1.260000000 1757
1727621033.058999062 0.799000000 1758
1727621033.566298962 0.915000000 1759
1727621034.070177078 0.790000000 1760
1727621034.574129105 0.751000000 1761
1727621035.078479052 1.090000000 1762
1727621035.579102993 1.060000000 1763
1727621036.079441071 0.777000000 1764
1727621036.582214117 0.833000000 1765
1727621037.086289883 0.894000000 1766
1727621037.590169907 0.781000000 1767
1727621038.094216108 0.834000000 1768
1727621038.598473072 1.110000000 1769
1727621039.099318027 1.280000000 1770
1727621039.599775076 0.879000000 1771
1727621040.102225065 0.831000000 1772
1727621040.606496096 1.110000000 1773
1727621041.106889963 0.814000000 1774
1727621041.614373922 0.991000000 1775
1727621042.114860058 0.886000000 1776
1727621042.622224092 0.818000000 1777
1727621043.126152039 0.764000000 1778
1727621043.630134106 0.748000000 1779
1727621044.134185076 0.800000000 1780
1727621044.638531923 1.150000000 1781
1727621045.139367104 1.270000000 1782
1727621045.639843941 0.909000000 1783
1727621046.142196894 0.813000000 1784
1727621046.646197081 0.803000000 1785
1727621047.150166988 0.785000000 1786
1727621047.654207945 0.822000000 1787
1727621048.158575058 1.190000000 1788
1727621048.659097910 0.952000000 1789
1727621049.159580946 0.912000000 1790
1727621049.662168026 0.784000000 1791
1727621050.166286945 0.894000000 1792
1727621050.670217991 0.833000000 1793
1727621051.174201965 0.802000000 1794
1727621051.678478003 1.090000000 1795
1727621052.179780006 1.730000000 1796
1727621052.680258989 0.914000000 1797
1727621053.182195902 0.809000000 1798
1727621053.686225891 0.842000000 1799
1727621054.190180063 0.795000000 1800
